{('thank', 0): {'thank': 0.017629055294837787,
  'happy': 0.011793511528259538,
  'proud': 0.008695652173913044,
  'wonderful': 0.006086221470836855,
  'congratulation': 0.0029585798816568047},
 ('truth', 1): {'truth': 0.012442396313364055,
  'misinformation': 0.007258064516129033,
  'team': 0.006881720430107527,
  'facebook': 0.0036290322580645163,
  'tweet': 0.00282258064516129},
 ('biden', 2): {'biden': 0.08461045435123202,
  'president': 0.004926429502700689,
  'joe': 0.00423728813559322,
  'admin': 0.003615819209039548,
  'doc': 0.003389830508474576},
 ('people', 3): {'menstruate': 0.00487012987012987,
  'bible': 0.003246753246753247,
  'responded': 0.003246753246753247,
  'syndrome': 0.003246753246753247,
  'abuela': 0.003246753246753247},
 ('black', 4): {'black': 0.01917339202739056,
  'racist': 0.010434499062525474,
  'color': 0.009537784299339692,
  'racial': 0.0077494497432135,
  'white': 0.007567340949585996},
 ('vote', 5): {'vote': 0.021564380264741275,
  'ballot': 0.007626353790613718,
  'election': 0.00467870036101083,
  'polling': 0.004422382671480145,
  'voter': 0.004200853298326222},
 ('year', 6): {'year': 0.05107355442176871,
  'today': 0.0312625050020008,
  'ago': 0.026852846401718578,
  'last': 0.017857142857142856,
  'yesterday': 0.014705882352941176},
 ('one', 7): {'kola': 0.006160164271047228,
  'solidaridad': 0.004106776180698152,
  'lech': 0.004106776180698152,
  'iii': 0.004106776180698152,
  'descendant': 0.004106776180698152},
 ('people', 8): {'extremist': 0.0026845637583892616,
  'seize': 0.0026845637583892616,
  'people': 0.0025392379643819694,
  'abuse': 0.0024161073825503354,
  'anti': 0.0023862788963460104},
 ('president', 9): {'center': 0.010606060606060607,
  'presidential': 0.00812890812890813,
  'chicago': 0.004713804713804714,
  'obama': 0.004427390791027154,
  'presidency': 0.004329004329004329},
 ('congress', 10): {'senate': 0.012076798392804147,
  'court': 0.009739493815926937,
  'filibuster': 0.004718093890068412,
  'bill': 0.004190412336573919,
  'congress': 0.0041140741777684455},
 ('people', 11): {'stock': 0.005059970014992503,
  'corporate': 0.0041645843744794265,
  'trillion': 0.0037481259370314842,
  'money': 0.0031277464715917906,
  'billionaire': 0.0022957271364317843},
 ('time', 12): {'sign': 0.003989361702127659,
  'monthly': 0.003989361702127659,
  'minute': 0.0035460992907801418,
  'town': 0.003324468085106383,
  'hall': 0.003324468085106383},
 ('thank', 13): {'thank': 0.022488755622188907,
  'alright': 0.017391304347826087,
  'alternatively': 0.017391304347826087,
  'fast': 0.011594202898550725,
  'anyways': 0.008695652173913044},
 ('covid', 14): {'covid': 0.03130378096479791,
  'vaccine': 0.026271186440677965,
  'pandemic': 0.01898305084745763,
  'vaccinated': 0.009322033898305085,
  'health': 0.006026365348399247},
 ('people', 15): {'childcare': 0.004282655246252677,
  'healthcare': 0.003513973535386812,
  'loan': 0.0031795470767633505,
  'fema': 0.0028551034975017845,
  'help': 0.002787584158033837},
 ('people', 16): {'police': 0.007888846426816618,
  'capitol': 0.003759614831296875,
  'assault': 0.003244448950623542,
  'surveillance': 0.002957180033120417,
  'incident': 0.0028388928317956},
 ('climate', 17): {'climate': 0.045437685459940653,
  'change': 0.013243663958748845,
  'planet': 0.006904816251997261,
  'emission': 0.0051928783382789315,
  'hydrogen': 0.0051928783382789315},
 ('republican', 18): {'republican': 0.01863852961198094,
  'dems': 0.006557749035625142,
  'bipartisan': 0.005229283990345938,
  'mccarthy': 0.005012686428615632,
  'party': 0.0036467956821939125},
 ('irandeal', 19): {'irandeal': 0.03350253807106599,
  'iran': 0.010442349528643945,
  'http': 0.009044762344254728,
  'obama': 0.008329487771112138,
  'ukraine': 0.008223350253807106}}